04
04
04
06
04
05
05
05
06
06
06
03
03
02
01
00
06
06
04
07
05
06
06
06
03
06
06
04
05
03
06
06
04
04
04
04
06
06
06
06
03
03
05
00
02
01
05
05
04
04
04
04
06
06
06
06
04
04
04
04
06
06
06
06
04
01
03
03
03
03
06
03
06
06
06
06
06
06
03
06
06
06
06
03
06
06
06
03
06
06
06
06
06
06
03
06
06
06
06
03
06
06
05
04
06
06
04
03
01
02
00
06
06
06
06
06
06
06
03
06
06
03
05
04
01
01
02
00
06
06
06
06
03
00
00
02
03
03
04
04
01
04
02
02
03
04
01
03
03
00
06
04
04
03
05
06
03
04
06
02
01
03
02
05
04
03
01
00
02
05
00
01
02
03
00
01
03
02
01
04
03
04
03
06
00
03
06
03
04
01
04
03
03
06
02
05
06
00
03
04
02
05
06
03
05
06
06
06
04
04
04
04
00
01
04
03
03
01
00
02
06
03
06
06
03
05
04
03
03
06
03
03
06
06
06
06
06
06
00
06
03
06
06
03
03
06
06
07
07
07
07
06
07
07
07
07
