10
10
10
10
10
10
10
10
10
10
10
10
10
10
10
10
10
10
10
10
10
10
10
10
10
10
10
10
10
10
10
10
10
10
10
10
10
10
10
10
10
10
10
10
10
10
10
10
10
10
10
10
10
10
10
10
10
10
10
10
10
10
10
10
10
10
10
10
10
10
10
10
10
10
10
10
10
10
10
10
10
10
10
10
10
10
10
10
10
10
10
10
10
10
10
10
10
10
10
10
10
10
10
10
10
10
10
10
10
10
10
10
10
10
10
10
10
10
10
10
10
10
10
10
10
10
10
10
10
10
10
10
10
10
10
10
10
10
10
10
10
10
2C
90
91
0B
0C
0C
0C
0C
0D
2C
3A
3B
0B
0C
0C
0C
0C
0D
2C
3C
3D
0B
0C
0C
0C
0C
0D
2C
3E
3F
0B
0C
0C
0C
0C
0D
10
10
10
10
10
10
10
10
10
10
10
10
10
10
10
10
10
10
10
10
10
10
10
10
10
10
10
10
0A
A0
A1
1B
10
10
10
00
1D
0A
4A
4B
1B
10
10
10
00
1D
0A
4C
4D
1B
10
10
10
00
1D
0A
4E
4F
1B
10
10
10
00
1D
10
10
10
10
10
10
10
10
10
10
10
10
10
10
10
10
10
10
10
10
10
10
10
10
10
10
10
10
1A
5E
5E
10
59
5A
5B
79
1D
1A
5E
5E
10
59
5A
5B
5C
1D
50
51
52
53
54
55
56
57
58
50
51
52
53
54
55
56
57
58
10
10
10
10
10
10
10
10
10
10
10
10
10
10
10
10
10
10
10
10
10
10
10
10
10
10
10
10
2A
6E
6E
20
69
6A
6B
89
2D
2A
6E
6E
20
69
6A
6B
6C
2D
60
61
62
63
64
65
66
67
68
60
61
62
63
64
65
66
67
68
10
10
10
10
10
10
10
10
10
10
10
10
10
10
10
10
10
10
10
10
10
10
10
10
10
10
10
10
5E
5E
5E
5E
5E
5E
5E
5E
5E
5E
5E
5E
5E
5E
5E
5E
5E
5E
5E
5E
5E
5E
5E
5E
5E
5E
5E
5E
5E
5E
5E
5E
5E
5E
5E
5E
10
10
10
10
10
10
10
10
10
10
10
10
10
10
10
10
10
10
10
10
10
10
10
10
10
10
10
10
5E
5E
5E
5E
5E
5E
5E
5E
5E
5E
5E
5E
5E
5E
5E
5E
5E
5E
5E
5E
5E
5E
5E
5E
5E
5E
5E
5E
5E
5E
5E
5E
5E
5E
5E
5E
10
10
10
10
10
10
10
10
10
10
10
10
10
10
10
10
10
10
10
10
10
10
10
10
10
10
10
10
10
10
10
10
10
10
10
10
10
10
10
10
10
10
10
10
10
10
10
10
10
10
10
10
10
10
10
10
10
10
10
10
10
10
10
10
10
10
10
10
10
10
10
10
10
10
10
10
10
10
10
10
10
10
10
10
10
10
10
10
10
10
10
10
10
10
10
10
10
10
10
10
10
10
10
10
10
10
10
10
10
10
10
10
10
10
10
10
10
10
10
10
10
10
10
10
10
10
10
10
10
10
10
10
10
10
10
10
10
10
10
10
10
10
10
10
10
10
10
10
10
10
10
10
10
10
10
10
10
10
10
10
10
10
10
10
10
10
10
10
10
10
10
10
10
10
10
10
10
10
10
10
10
10
10
10
10
10
10
10
10
10
10
10
10
10
10
10
10
10
10
10
10
10
10
10
10
10
10
10
10
10
10
10
10
10
10
10
10
10
10
10
10
10
10
10
10
10
10
10
10
10
10
95
96
96
96
96
96
96
96
96
96
96
96
96
97
10
10
10
10
10
10
10
10
10
10
10
10
10
10
10
10
10
10
10
10
10
10
10
10
10
10
10
10
10
10
10
10
10
10
10
10
10
10
10
10
10
10
10
10
10
10
10
10
10
10
98
75
76
77
78
79
7A
7B
7C
7D
7E
7F
9E
99
10
10
10
10
10
10
10
10
10
10
10
10
10
10
10
10
10
10
10
10
10
10
10
10
10
10
10
10
10
10
10
10
10
10
10
10
10
10
10
10
10
10
10
10
10
10
10
10
10
10
98
85
86
87
88
89
8A
8B
8C
8D
8E
8F
9F
99
10
10
10
10
10
10
10
10
10
10
10
10
10
10
10
10
10
10
10
10
10
10
10
10
10
10
10
10
10
10
10
10
10
10
10
10
10
10
10
10
10
10
10
10
10
10
10
10
10
10
9A
9B
9B
9B
9B
9B
9B
9B
9B
9B
9B
9B
9B
9C
10
10
10
10
10
10
10
10
10
10
10
10
10
10
10
10
10
10
10
10
10
10
10
10
10
10
10
10
10
10
10
10
10
10
10
10
10
10
10
10
10
10
10
10
10
10
10
10
10
10
10
10
10
10
10
10
10
10
10
10
10
10
10
10
10
10
10
10
10
10
10
10
10
10
10
10
10
10
10
10
10
10
10
10
10
10
10
10
10
10
10
10
10
10
10
10
10
10
10
10
10
10
10
10
10
10
10
10
10
10
10
10
10
10
10
10
10
10
10
10
10
10
10
10
10
10
10
10
10
10
10
10
10
10
10
10
10
10
10
10
10
10
10
10
10
10
10
10
10
10
10
10
10
10
10
10
10
10
10
10
10
10
10
10
10
10
10
10
10
10
10
10
10
10
10
10
10
10
10
10
10
10
10
10
10
10
10
10
10
10
10
10
10
10
10
10
10
10
10
10
10
10
10
10
10
10
10
10
10
10
10
10
10
10
10
10
10
10
10
10
10
10
10
10
10
10
10
10
10
10
10
10
10
10
10
10
10
10
10
10
10
10
10
10
10
10
10
10
10
10
10
10
10
10
10
10
10
10
10
10
10
10
10
10
10
10
10
10
10
10
10
10
10
10
10
10
10
10
10
10
10
10
10
10
10
10
10
10
10
10
10
10
10
10
10
10
10
10
10
10
10
10
10
10
10
10
10
10
10
10
10
10
10
10
10
10
10
10
10
10
10
10
10
10
10
10
10
10
10
10
10
10
10
10
10
10
10
10
10
10
10
10
10
10
10
10
10
10
10
10
10
10
10
10
10
10
10
10
10
10
10
10
10
10
10
10
10
10
10
10
10
10
10
10
10
10
10
10
10
10
10
10
10
10
10
10
10
10
10
10
10
10
10
10
10
10
10
10
10
10
10
10
10
10
10
10
10
10
10
10
10
10
10
10
10
10
10
10
10
10
10
10
10
10
10
10
10
10
10
10
10
10
10
10
10
10
10
10
10
10
10
10
10
10
10
10
10
10
10
10
10
10
10
10
10
10
10
10
10
10
10
10
10
10
10
10
10
10
10
10
10
10
10
10
10
10
10
10
10
10
10
10
10
10
10
10
10
10
10
10
10
10
10
10
10
10
10
10
10
10
10
10
10
10
10
10
10
10
10
10
10
10
10
10
10
10
10
10
10
10
10
10
10
10
10
10
10
10
10
10
10
10
10
10
10
10
10
10
10
10
10
10
10
10
10
10
10
10
10
10
10
10
10
10
10
10
10
10
10
10
10
10
10
10
10
10
10
10
10
10
10
10
10
10
10
10
10
10
10
10
10
10
10
10
10
10
10
10
10
10
10
10
10
10
10
10
10
10
10
10
10
10
10
10
10
10
10
10
10
10
10
10
10
10
10
10
10
10
10
10
10
10
10
10
10
10
10
10
10
10
10
10
10
10
10
10
10
10
10
10
10
10
10
10
10
10
10
10
10
10
10
10
10
10
10
10
10
10
10
10
10
10
10
10
10
10
10
10
10
10
10
10
10
10
10
10
10
10
10
10
10
10
10
10
10
10
10
10
10
10
10
10
10
10
10
10
10
10
10
10
10
10
10
10
10
10
10
10
10
10
10
10
10
10
10
10
10
10
10
10
10
10
10
10
10
10
10
10
10
10
10
10
10
10
10
10
10
10
10
10
10
10
10
10
10
10
10
10
10
10
10
10
10
10
10
10
10
10
10
10
10
10
10
10
10
10
10
10
10
10
10
10
10
10
10
10
10
10
10
10
10
10
10
10
10
10
10
10
10
10
10
10
10
10
10
10
10
10
10
10
10
10
10
10
10
10
10
10
10
10
10
10
10
10
10
10
10
10
10
10
10
10
10
10
10
10
10
10
10
10
10
10
10
10
10
10
10
10
10
10
10
10
10
10
10
10
10
10
10
10
10
10
10
10
10
10
10
10
10
10
10
10
10
10
10
10
10
10
10
10
10
10
10
10
10
10
10
10
10
10
10
10
10
10
10
10
10
10
10
10
10
10
10
10
10
10
10
10
10
10
10
10
10
10
10
10
10
10
10
10
10
10
10
10
10
10
10
10
10
10
10
10
10
10
10
10
10
10
10
10
10
10
10
10
10
10
10
10
10
10
10
10
10
10
10
10
10
10
10
10
10
10
10
10
10
10
10
10
10
10
10
10
10
10
10
10
10
10
10
10
10
10
10
10
10
10
10
10
10
10
10
10
10
10
10
10
10
10
10
10
10
10
10
10
10
10
10
10
10
10
10
10
10
10
10
10
10
10
10
10
10
10
10
10
10
10
10
10
10
10
10
10
10
10
10
10
10
10
10
10
10
10
10
10
10
10
10
10
10
10
10
10
10
10
10
10
10
10
10
10
10
10
10
10
10
10
10
10
10
10
10
10
10
10
10
10
10
10
10
10
10
10
10
10
10
10
10
10
10
10
10
10
10
10
10
10
10
10
10
10
10
10
10
10
10
10
10
10
10
10
10
10
10
10
10
10
10
10
10
10
10
10
10
10
10
10
10
10
10
10
10
10
10
10
10
10
10
10
10
10
10
10
10
10
10
10
10
10
10
10
10
10
10
10
10
10
10
10
10
10
10
10
10
10
10
10
10
10
10
10
10
10
10
10
10
10
10
10
10
10
10
10
10
10
10
10
10
10
10
10
10
10
10
10
10
10
10
10
10
10
10
10
10
10
10
10
10
10
10
10
10
10
10
10
10
10
10
10
10
10
10
10
10
10
10
10
10
10
10
10
10
10
10
10
10
10
10
10
10
10
10
10
10
10
10
10
10
10
10
10
10
10
10
10
10
10
10
10
10
10
10
10
10
10
10
10
10
10
10
10
10
10
10
10
10
10
10
10
10
10
10
10
10
10
10
10
10
10
10
10
10
10
10
10
10
10
10
10
10
10
10
10
10
10
10
10
10
10
10
10
10
10
10
10
10
10
10
10
10
10
10
10
10
10
10
10
10
10
10
10
10
10
10
10
10
10
10
10
10
10
10
10
10
10
10
10
10
10
10
10
10
10
10
10
10
10
10
10
10
10
10
10
10
10
10
10
10
10
10
10
10
10
10
10
10
10
10
10
10
10
10
10
10
10
10
10
10
10
10
10
10
10
10
10
10
10
10
10
10
10
10
10
10
10
10
10
10
10
10
10
10
10
10
10
10
10
10
10
10
10
10
10
10
10
10
10
10
10
10
10
10
10
10
10
10
10
10
10
10
10
10
10
10
10
10
10
10
10
10
10
10
10
10
10
10
10
10
10
10
10
10
10
10
10
10
10
10
10
10
10
10
10
10
10
10
10
10
10
10
10
10
10
10
10
10
10
10
10
10
10
10
10
10
10
10
10
10
10
10
10
10
10
10
10
10
10
10
10
10
10
10
10
10
10
10
10
10
10
10
10
10
10
10
10
10
10
10
10
10
10
10
10
10
10
10
10
10
10
10
10
10
10
10
10
10
10
10
10
10
10
10
10
10
10
10
10
10
10
10
10
10
10
10
10
10
10
10
10
10
10
10
10
10
10
10
10
10
10
10
10
10
10
10
10
10
10
10
10
10
10
10
10
10
10
10
10
10
10
10
10
10
10
10
10
10
10
10
10
10
10
10
10
10
10
10
10
10
10
10
10
10
10
10
10
10
10
10
10
10
10
10
10
10
10
10
10
10
10
10
10
10
10
10
10
10
10
10
10
10
10
10
10
10
10
10
10
10
10
10
10
10
10
10
10
10
10
10
10
10
10
10
10
10
10
10
10
10
10
10
10
10
10
10
10
10
10
10
10
10
10
10
10
10
10
10
10
10
10
10
20
20
20
10
10
10
10
10
10
10
10
10
10
10
10
10
10
10
10
10
10
10
10
10
10
10
10
10
10
10
10
10
10
10
10
10
10
10
10
10
10
10
10
10
10
10
10
10
10
10
10
10
10
10
10
10
10
10
10
10
20
20
20
30
2A
2B
2B
10
10
10
10
10
10
10
10
10
10
10
10
10
10
10
10
10
10
10
10
10
10
10
10
10
10
10
10
10
10
10
10
10
10
10
10
10
10
10
10
10
10
10
10
10
10
10
10
10
10
10
10
10
10
10
10
10
26
27
28
29
3A
3B
3B
10
10
10
10
10
10
10
10
10
10
10
10
10
10
10
10
10
10
10
10
10
10
10
10
10
10
10
10
10
10
10
10
10
10
10
10
10
10
10
10
10
10
10
10
10
10
10
10
10
10
10
10
10
10
10
10
10
36
37
38
39
4A
4B
4C
10
10
10
10
10
10
10
10
10
10
10
10
10
10
10
10
10
10
10
10
10
10
10
10
10
10
10
10
10
10
10
10
10
10
10
10
10
10
10
10
10
10
10
10
10
10
10
10
10
10
10
10
10
10
10
10
10
46
47
48
49
5A
5B
5C
10
10
10
10
10
10
10
10
10
10
10
10
10
10
10
10
10
10
10
10
10
10
10
10
10
10
10
10
10
10
10
10
10
10
10
10
10
10
10
10
10
10
10
10
10
10
10
10
10
10
10
10
10
10
10
10
10
56
57
58
59
44
45
55
10
10
10
10
10
10
10
10
10
10
10
10
10
10
10
10
10
10
10
10
10
10
10
10
10
10
10
10
10
10
10
10
10
10
10
10
10
10
10
10
10
10
10
10
10
10
10
10
10
10
10
10
10
10
10
10
10
40
41
42
43
10
10
10
10
10
10
10
10
10
10
10
10
10
10
10
10
10
10
10
10
10
10
10
10
10
10
10
10
10
10
10
10
10
10
10
10
10
10
10
10
10
10
10
10
10
10
10
10
10
10
10
10
10
10
10
10
10
10
10
10
10
10
10
10
10
10
10
10
10
10
10
10
10
10
10
10
10
10
10
10
10
10
10
10
10
10
10
10
10
10
10
10
10
10
10
10
10
10
10
10
10
10
10
10
10
10
10
10
10
10
10
10
10
10
10
10
10
10
10
10
10
10
10
10
10
10
10
10
10
10
10
10
10
10
10
10
10
10
10
10
10
10
10
10
10
10
10
10
10
10
10
10
10
10
10
10
10
10
10
10
10
10
10
10
10
10
10
10
10
10
10
10
10
10
10
10
10
10
10
10
10
10
10
10
10
10
10
10
10
10
10
10
10
10
10
10
10
10
10
10
10
10
10
10
10
10
10
10
10
10
10
10
10
10
10
10
10
10
10
10
10
10
10
10
10
10
10
10
10
10
10
10
10
10
10
10
10
10
10
10
10
10
10
10
10
10
10
10
10
10
10
10
10
10
10
10
10
10
10
10
10
10
10
10
10
10
10
10
10
10
10
10
10
10
10
10
10
10
10
10
10
10
10
10
10
10
10
10
10
10
10
10
10
10
10
10
10
10
10
10
10
10
10
10
10
10
10
10
10
10
10
10
10
10
10
10
10
10
10
10
10
10
10
10
10
10
10
10
10
10
10
10
10
10
10
10
10
10
10
10
10
10
10
10
10
10
10
10
10
10
10
10
10
10
10
10
10
10
10
10
10
10
10
10
10
10
10
10
10
10
10
10
10
10
10
10
10
10
10
10
10
10
10
10
10
10
10
10
10
10
10
10
10
10
10
10
10
10
10
10
10
10
10
10
10
10
10
10
10
10
10
10
10
10
10
10
10
10
10
10
10
10
10
10
10
10
10
10
10
10
10
10
10
10
10
10
10
10
10
10
10
10
10
10
10
10
10
10
10
10
10
10
10
10
10
10
10
10
10
10
10
10
10
10
10
10
10
10
10
10
10
10
10
10
10
10
10
10
10
10
10
10
10
10
10
10
10
10
10
10
10
10
10
10
10
10
10
10
10
10
10
10
10
10
10
10
10
10
10
10
10
10
10
10
10
10
10
10
10
10
10
10
10
10
10
10
10
10
10
10
10
10
10
10
10
10
10
10
10
10
10
10
10
10
10
10
10
10
10
10
10
10
10
10
10
10
10
10
10
10
10
10
10
10
10
10
10
10
10
10
10
10
10
10
10
10
10
10
10
10
10
10
10
10
10
10
10
10
10
10
10
10
10
10
10
10
10
10
10
10
10
10
10
10
10
10
10
10
10
10
10
10
10
10
10
10
10
10
10
10
10
10
10
10
10
10
10
10
10
10
10
10
10
10
10
10
10
10
10
10
10
10
10
10
10
10
10
10
10
10
10
10
10
10
10
10
10
10
10
10
10
10
10
10
10
10
10
10
10
10
10
10
10
10
10
10
10
10
10
10
10
10
10
10
10
10
10
10
10
10
10
10
10
10
10
10
10
10
10
10
10
10
10
10
10
10
10
10
10
10
10
10
10
10
10
10
10
10
10
10
10
10
10
10
10
10
10
10
10
10
10
10
10
10
10
10
10
10
10
10
10
10
10
10
10
10
10
10
10
10
10
10
10
10
10
10
10
10
10
10
10
10
10
10
10
10
10
10
10
10
10
10
10
10
10
10
10
10
10
10
10
10
10
10
10
10
10
10
10
10
10
10
10
10
10
10
10
10
10
10
10
10
10
10
10
10
10
10
10
10
10
10
10
10
10
10
10
10
10
10
10
10
10
10
10
10
10
10
10
10
10
10
10
10
10
10
10
10
10
10
10
10
10
10
10
10
10
10
10
10
10
10
10
10
10
10
10
10
10
10
10
10
10
10
10
10
10
10
10
10
10
10
10
10
10
10
10
10
10
10
10
10
10
10
10
10
10
10
10
10
10
10
10
10
10
10
10
10
10
10
10
10
10
10
10
10
10
10
10
10
10
10
10
10
10
10
10
10
10
10
10
10
10
10
10
10
10
10
10
10
10
10
10
10
10
10
10
10
10
10
10
10
10
10
10
10
10
10
10
10
10
10
10
10
10
10
10
10
10
10
10
10
10
10
10
10
10
10
10
10
10
10
10
10
10
10
10
10
10
10
10
10
10
10
10
10
10
10
10
10
10
10
10
10
10
10
10
10
10
10
10
10
10
10
10
10
10
10
10
10
10
10
10
10
10
10
10
10
10
10
10
10
10
10
10
10
10
10
10
10
10
10
10
10
10
10
10
10
10
10
10
10
10
10
10
10
10
10
10
10
10
10
10
10
10
10
10
10
10
10
10
10
10
10
10
10
10
10
10
10
10
10
10
10
10
10
10
10
10
10
10
10
10
10
10
10
10
10
F3
D8
F0
F1
F1
D8
DE
F7
2D
2D
2D
2D
2D
2D
2D
2D
2D
2D
4C
4D
14
25
6E
6F
6D
8C
23
25
23
24
32
26
27
32
26
23
62
63
64
65
86
87
88
89
46
9C
9D
9E
C4
C5
B4
AF
00
01
06
07
F0
F1
F2
F3
D8
F0
F3
F3
E5
D8
F0
F1
F1
D8
FA
FB
01
38
39
3A
3B
3C
72
01
01
01
01
01
01
6C
7E
7F
9A
8D
37
35
36
37
35
36
37
35
36
37
72
73
74
75
96
97
98
99
46
9F
5C
5D
D4
D5
B5
AF
10
11
16
17
F0
E4
E5
F3
D8
F0
F3
F3
F5
D9
F4
F5
F5
D9
E8
E9
12
11
12
11
12
11
12
11
12
11
12
11
12
7C
8E
8F
7D
88
98
0D
28
29
28
29
28
29
28
29
39
53
46
46
46
46
46
46
46
46
46
46
46
46
46
AF
00
01
06
07
F4
F5
F5
F5
D9
F4
F5
F5
F6
E7
F6
E7
F6
E7
F8
F9
2E
3E
3E
3E
3E
3E
3E
3E
3E
3E
3E
4E
14
69
9E
9F
9A
89
99
1D
38
39
38
39
38
39
38
39
66
53
46
47
7D
7E
7F
8C
46
8D
8E
8F
B6
B7
D6
AF
10
11
16
17
E6
E7
F6
E7
F6
E7
F6
E7
01
01
01
01
01
01
01
01
6C
6D
6E
6F
80
81
82
83
86
86
86
88
14
68
78
9F
9A
88
98
0D
00
2A
60
61
62
63
2B
0D
66
53
48
49
A0
A1
A2
A3
46
A4
A5
A6
C6
C7
46
AF
00
01
06
07
00
01
01
02
01
01
01
01
12
11
12
11
12
11
12
11
7C
7D
7E
7F
4F
3D
90
91
96
97
87
88
14
69
79
9F
9A
89
99
1D
10
3A
58
59
5A
5B
3B
1D
66
53
46
46
46
46
46
46
46
46
46
46
46
46
46
AF
10
11
16
17
10
11
12
11
12
11
12
11
24
22
13
22
24
25
14
15
7C
7D
7F
4F
3D
3D
90
91
84
85
89
88
14
68
78
9F
9A
88
98
0D
00
01
4C
4D
4E
4F
0C
0D
5E
5F
A8
A8
A8
A7
A8
A8
A8
A8
A8
A7
A8
A8
B8
D7
00
01
06
07
20
21
22
31
22
24
13
22
23
33
03
03
34
35
14
15
7C
7D
77
78
92
93
90
91
94
95
99
88
14
69
79
7F
9A
89
99
1D
10
11
5C
5D
5E
5F
1C
1D
6E
6F
57
57
A9
AA
AB
AB
AB
AB
A9
AA
AB
AB
C8
B9
10
11
16
17
30
03
03
32
04
05
06
07
08
08
0A
0B
17
19
14
15
7C
7D
A0
A1
A2
A3
90
91
A4
A5
A8
88
08
68
78
9F
9A
88
98
0D
00
01
6D
9E
6E
6F
0C
0D
66
67
58
58
58
58
58
58
58
58
58
58
58
58
58
B0
00
01
06
07
0C
0D
0E
0F
08
08
08
08
09
09
09
16
3D
1A
14
15
7C
7D
3D
3D
3D
B0
90
91
B4
B5
B8
88
08
69
79
9F
9A
89
99
1D
10
11
7D
9E
7E
7F
1C
1D
76
77
77
59
C0
C1
B1
B2
B3
D3
D3
D3
D3
D3
E3
E2
10
11
16
17
1C
1D
1E
1F
09
09
09
09
09
09
09
16
3D
1A
14
15
7C
7D
3D
3D
B0
B1
90
91
A6
A7
A9
88
08
68
78
9F
9A
88
98
0D
00
01
8D
9E
8E
8F
0C
0D
68
69
69
5A
D0
D1
32
C2
C3
23
23
23
23
26
32
38
00
01
06
07
2C
1E
3D
2F
09
09
09
09
09
09
09
16
18
1A
14
15
7C
7D
3D
B0
B1
B2
90
91
B6
B7
B9
88
08
69
79
7F
9A
89
99
1D
10
11
9D
9E
9E
9F
1C
1D
78
79
79
5B
E0
E1
32
32
D2
23
23
23
23
26
32
38
10
11
16
17
2C
3D
3D
3F
09
09
09
09
09
09
09
8F
AC
1A
14
15
C0
C1
BA
BA
BA
BC
BD
C3
C4
C5
C6
C7
08
68
78
9F
9A
88
98
0D
00
01
A0
A1
A2
A3
0C
0D
20
21
09
0A
0B
0C
0D
0E
0F
23
23
23
23
26
32
28
00
01
06
07
40
41
42
43
44
45
09
09
09
09
8E
9F
AD
1A
14
15
D0
D1
03
03
03
03
BE
D3
D4
D5
D6
D7
08
69
79
7F
9A
89
99
1D
10
96
48
49
4A
4B
97
1D
30
31
19
1A
1B
1C
1D
1E
1F
23
23
23
23
26
32
38
10
11
16
17
50
51
52
53
54
55
09
09
09
8E
9D
9E
AE
1A
14
15
E0
E1
BB
C2
C2
C2
BF
E3
E4
E5
E6
E7
31
68
78
8F
7D
88
98
0D
28
29
28
29
28
29
28
29
40
41
19
2A
2B
2C
2D
2E
2F
23
23
23
23
26
32
28
00
01
06
07
60
61
64
65
48
49
4A
4B
98
8C
9C
8D
AF
1A
14
15
F0
F1
B3
B3
B3
B3
B3
F3
F4
B3
F6
B3
30
69
79
9F
9A
89
99
1D
38
39
38
39
38
39
38
39
50
51
51
3A
3B
3C
3D
3E
3F
23
23
23
23
26
32
38
10
11
16
17
70
71
74
75
58
59
5A
5B
14
15
14
15
8A
8B
9A
9B
40
41
01
10
97
87
87
87
86
87
87
87
97
A0
B0
C0
D0
A3
C2
48
48
48
48
48
48
48
48
48
60
61
19
1A
1B
22
32
4E
3F
23
23
23
23
26
32
28
02
01
06
07
08
15
14
15
14
15
14
15
06
07
06
07
9A
9B
9A
9B
50
51
00
01
87
97
97
87
96
86
97
87
87
A1
B1
C0
D0
C3
D2
49
49
49
49
49
49
49
49
49
70
71
19
1A
1B
22
32
32
3F
23
23
23
23
35
36
38
03
11
16
17
06
07
06
07
06
07
06
07
12
13
12
13
AA
AB
AA
AB
42
43
4A
4B
87
97
87
87
87
88
89
87
87
A1
B1
C0
D0
A3
D2
49
49
49
4C
4D
4E
4F
49
49
80
81
81
4A
4B
4C
4D
4D
4F
23
23
24
34
25
27
37
04
01
12
13
12
13
12
13
12
13
12
13
05
05
05
05
B3
B3
B3
B3
4C
4D
5A
5B
98
99
98
98
98
99
8A
8B
98
A2
B2
C1
D1
C3
D3
4A
4A
4A
5C
5D
5E
5F
4B
4A
90
91
91
91
91
91
91
91
91
91
91
91
91
91
91
29
05
05
05
05
05
05
05
05
05
05
05
05
97
87
87
87
86
87
87
87
97
87
87
87
86
87
87
87
97
87
87
87
86
87
87
BC
BD
BE
BF
87
86
87
87
87
97
87
87
87
86
87
87
87
97
87
87
87
86
87
87
87
97
87
87
87
86
87
87
87
5C
5D
5D
4F
40
5C
5C
5C
87
97
97
87
96
86
97
87
87
97
97
87
96
86
97
87
87
97
97
87
96
86
97
87
96
97
97
87
96
86
97
87
87
97
97
87
96
86
97
87
87
97
97
87
96
86
97
87
87
97
97
87
96
86
97
87
5D
5C
5C
5F
5D
40
5D
5C
87
97
87
87
87
88
89
87
87
97
87
87
87
88
89
87
87
97
87
87
87
88
89
87
87
97
87
87
87
88
89
87
87
97
87
87
87
88
89
87
87
97
87
87
87
88
89
87
87
97
87
87
87
88
89
87
6C
6D
52
53
44
45
40
6F
98
99
98
98
98
99
8A
8B
98
99
98
98
98
99
8A
8B
98
99
98
98
98
99
8A
8B
98
99
98
98
98
99
8A
8B
98
99
98
98
98
99
8A
8B
98
99
98
98
98
99
8A
8B
98
99
98
98
98
99
8A
8B
7C
50
51
1B
34
46
47
43
86
87
87
87
97
87
87
87
86
87
87
87
97
87
87
87
86
87
87
87
97
87
87
87
86
87
87
87
97
87
87
87
86
87
87
87
97
87
87
87
86
87
87
87
97
87
87
87
86
87
87
87
97
87
87
87
40
41
42
0F
4C
4D
4E
4F
96
86
97
87
87
97
97
87
96
86
97
87
87
97
97
87
96
86
97
87
87
97
97
87
96
86
97
87
87
97
97
87
96
86
97
87
87
97
97
87
96
86
97
87
87
97
97
87
96
86
97
87
87
97
97
87
5D
40
5D
5C
5C
5D
5E
5F
87
88
89
87
87
97
87
87
87
88
89
87
87
97
87
87
87
88
89
87
87
97
87
87
87
88
89
87
87
97
87
87
87
88
89
87
87
97
87
87
87
88
89
87
87
97
87
87
87
88
89
87
87
97
87
87
5D
6D
40
6F
6C
6D
6E
6F
98
99
8A
8B
98
99
98
98
98
99
8A
8B
98
99
98
98
98
B0
B1
8B
98
99
98
98
98
99
8A
8B
98
99
98
98
98
99
8A
8B
98
99
98
98
98
99
8A
8B
98
99
98
98
98
B0
B1
8B
98
99
98
98
7C
7D
7E
43
7C
7D
7E
7F
C0
C1
C2
C3
C0
C1
C2
C3
C0
C1
C2
C3
C0
C1
C2
C3
C0
C1
C2
C3
C0
C1
C2
C3
C0
C1
C2
C3
C0
C1
C2
C3
C0
C1
C2
C3
C0
C1
C2
C3
C0
C1
C2
C3
C0
C1
C2
C3
C0
C1
C2
C3
C0
C1
C2
C3
C0
C1
C2
C3
C0
C1
C2
C3
D0
D1
D2
D3
D0
D1
D2
D3
D0
D1
D2
D3
D0
D1
D2
D3
D0
D1
D2
D3
D0
D1
D2
D3
D0
D1
D2
D3
D0
D1
D2
D3
D0
D1
D2
D3
D0
D1
D2
D3
D0
D1
D2
D3
D0
D1
D2
D3
D0
D1
D2
D3
D0
D1
D2
D3
D0
D1
D2
D3
D0
D1
D2
D3
E0
E1
E2
E3
E0
E1
E2
E3
E0
E1
E2
E3
E0
E1
E2
E3
E0
E1
E2
E3
E0
E1
E2
E3
E0
E1
E2
E3
E0
E1
E2
E3
E0
E1
E2
E3
E0
E1
E2
E3
E0
E1
E2
E3
E0
E1
E2
E3
E0
E1
E2
E3
E0
E1
E2
E3
E0
E1
E2
E3
E0
E1
E2
E3
F0
F1
F2
F3
F0
F1
F2
F3
F0
F1
F2
F3
F0
F1
F2
F3
F0
F1
F2
F3
F0
F1
F2
F3
F0
F1
F2
F3
F0
F1
F2
F3
F0
F1
F2
F3
F0
F1
F2
F3
F0
F1
F2
F3
F0
F1
F2
F3
F0
F1
F2
F3
F0
F1
F2
F3
F0
F1
F2
F3
F0
F1
F2
F3
00
00
00
00
00
00
00
00
00
00
00
00
00
00
00
00
00
00
00
00
00
00
00
00
00
00
00
00
00
00
00
00
00
00
00
00
00
00
00
00
00
00
00
00
00
00
00
00
00
00
00
00
00
00
00
00
00
00
00
00
00
00
00
00
00
00
00
00
00
00
00
00
00
00
00
00
00
00
00
00
00
00
00
00
00
00
00
00
00
00
00
00
00
00
00
00
00
00
00
00
00
00
00
00
00
00
00
00
00
00
00
00
00
00
00
00
00
00
00
00
00
00
00
00
00
00
00
00
00
00
00
00
00
00
00
00
00
00
00
00
00
00
00
00
00
00
00
00
00
00
00
00
00
00
00
00
00
00
00
00
00
00
00
00
00
00
00
00
00
00
00
00
00
00
00
00
00
00
00
00
00
00
00
00
00
00
00
00
00
00
00
00
00
00
00
00
00
00
00
00
00
00
00
00
00
00
00
00
00
00
00
00
00
00
00
00
00
00
00
00
00
00
00
00
00
00
00
00
00
00
00
00
00
00
00
00
00
00
00
00
00
00
00
00
00
00
00
00
00
00
00
00
00
00
00
00
00
00
00
00
00
00
00
00
00
00
00
00
00
00
00
00
00
00
00
00
00
00
00
00
00
00
00
00
00
00
00
00
00
00
00
00
00
00
00
00
00
00
00
00
00
00
00
00
00
00
00
00
00
00
00
00
00
00
00
00
00
00
00
00
00
00
00
00
00
00
00
00
00
00
00
00
00
00
00
00
00
00
00
00
00
00
00
00
00
00
00
00
00
00
00
00
00
00
00
00
00
00
00
00
00
00
00
00
00
00
00
00
00
00
00
00
00
00
00
00
00
00
00
00
00
00
00
00
00
00
00
00
00
00
00
00
00
00
00
00
00
00
00
00
00
00
00
00
00
00
00
00
00
00
00
00
00
00
00
00
00
00
00
00
00
00
00
00
00
00
00
00
00
00
00
00
00
00
00
00
00
00
00
00
00
00
00
00
00
00
00
00
00
00
00
00
00
00
00
00
00
00
00
00
00
00
00
00
00
00
00
00
00
00
00
00
00
00
00
00
00
00
00
00
00
00
00
00
00
00
00
00
00
00
00
00
00
00
00
00
00
00
00
00
00
00
00
00
00
00
00
00
00
00
00
00
EC
00
00
00
00
00
00
00
00
00
00
00
00
00
00
00
00
00
00
00
00
00
00
00
00
00
00
00
00
00
00
00
00
00
00
00
00
00
00
00
00
00
00
00
00
00
00
00
00
00
00
00
00
00
00
00
00
00
00
00
00
00
00
00
00
00
00
00
00
00
00
00
00
00
00
00
00
00
00
00
00
00
00
00
00
00
00
00
00
00
00
00
00
00
00
00
00
00
00
00
00
00
00
00
00
00
00
00
00
00
00
00
00
00
00
00
00
00
00
00
00
00
00
00
00
00
00
00
00
00
00
00
00
00
00
00
00
00
00
00
00
00
00
00
00
00
00
00
00
00
00
00
00
00
00
00
00
00
00
00
00
00
00
00
00
00
00
00
00
00
00
00
00
00
00
00
00
00
00
00
00
00
00
00
00
00
00
00
00
00
00
00
00
00
00
00
00
00
00
00
00
00
00
00
00
00
00
00
00
00
00
00
00
00
00
00
00
00
00
00
00
00
00
00
00
00
00
00
00
00
00
00
00
00
00
00
00
00
00
00
00
00
00
00
00
00
00
00
00
00
00
00
00
00
00
00
00
00
00
00
00
00
00
00
00
00
00
00
00
00
00
00
00
00
00
00
00
00
00
00
00
00
00
00
00
00
00
00
00
00
00
00
00
00
00
00
00
00
00
00
00
00
00
00
00
00
00
00
00
00
00
00
00
00
00
00
00
00
00
00
00
00
00
00
00
00
00
00
00
00
00
00
00
00
00
00
00
00
00
00
00
00
00
00
00
00
00
00
00
00
00
00
00
00
00
00
00
00
00
00
00
00
00
00
00
00
00
00
00
00
00
00
00
00
00
00
00
00
00
00
00
00
00
00
00
00
00
00
00
00
00
00
00
00
00
00
00
00
00
00
00
00
00
00
00
00
00
00
00
00
00
00
00
00
00
00
00
00
00
00
00
00
00
00
00
00
00
00
00
00
00
00
00
00
00
00
00
00
00
00
00
00
00
00
00
00
00
00
00
00
00
00
00
00
00
00
00
00
00
00
00
00
00
00
00
00
00
00
00
00
00
00
00
00
00
00
00
00
00
00
00
00
00
00
00
00
00
00
00
00
00
00
00
00
00
00
00
00
00
00
00
00
00
00
00
00
00
00
00
00
00
00
00
00
00
00
00
00
00
00
00
00
00
00
00
00
00
00
00
00
00
00
00
00
00
00
00
00
00
00
00
00
00
00
00
00
00
00
00
00
00
00
00
00
00
00
00
00
00
00
00
00
00
00
00
00
00
00
00
00
00
00
00
00
00
00
00
00
00
00
00
00
00
00
00
00
00
00
00
00
00
00
00
00
00
00
00
00
00
00
00
00
00
00
00
00
00
00
00
00
00
00
00
00
00
00
00
00
00
00
00
00
00
00
00
00
00
00
00
00
00
00
00
00
00
00
00
00
00
00
00
00
00
00
00
00
00
00
00
00
00
00
00
00
00
00
00
00
00
00
00
00
00
00
00
00
00
00
00
00
00
00
00
00
00
00
00
00
00
00
00
00
00
00
00
00
00
00
00
00
00
00
00
00
00
00
00
00
00
00
00
00
00
00
00
00
00
00
00
00
00
00
00
00
00
00
00
00
00
00
00
00
00
00
00
00
00
00
00
00
00
00
00
00
00
00
00
00
00
00
00
00
00
00
00
00
00
00
00
00
00
00
00
00
00
00
00
00
00
00
00
00
00
00
00
00
00
00
00
00
00
00
00
00
00
00
00
00
00
00
00
00
00
00
00
00
00
00
00
00
00
00
00
00
00
00
00
00
00
00
00
00
00
00
00
00
00
00
00
00
00
00
00
00
00
00
00
00
00
00
00
00
00
00
00
00
00
00
00
00
00
00
00
00
00
00
00
00
00
00
00
00
00
00
00
00
00
00
00
00
00
00
00
00
00
00
00
00
00
00
00
00
00
00
00
00
00
00
00
00
00
00
00
00
00
00
00
00
00
00
00
00
00
00
00
00
00
00
00
00
00
00
00
00
00
00
00
00
00
00
00
00
00
00
00
00
00
00
00
00
00
00
00
00
00
00
00
00
00
00
00
00
00
00
00
00
00
00
00
00
00
00
00
00
00
00
00
00
00
00
00
00
00
00
00
00
00
00
00
00
00
00
00
00
00
00
00
00
00
00
00
00
00
00
00
00
00
00
00
00
00
00
00
00
00
00
00
00
00
00
00
00
00
00
00
00
00
00
00
00
00
00
00
00
00
00
00
00
00
00
00
00
00
00
00
00
00
00
00
00
00
00
00
00
00
00
00
00
00
00
00
00
00
00
00
00
00
00
00
00
00
00
00
00
00
00
00
00
00
00
00
00
00
00
00
00
00
00
00
00
00
00
00
00
00
00
00
00
00
00
00
00
00
00
00
00
00
00
00
00
00
00
00
00
00
00
00
00
00
00
00
00
00
00
00
00
00
00
00
00
00
00
00
00
00
00
00
00
00
00
00
00
00
00
00
00
00
00
00
00
00
00
00
00
00
00
00
00
00
00
00
00
00
00
00
00
00
00
00
00
00
00
00
00
00
00
00
00
00
00
00
00
00
00
00
00
00
00
00
00
00
00
00
00
00
00
00
00
00
00
00
00
00
00
00
00
00
00
00
00
00
00
00
00
00
00
00
00
00
00
00
00
00
00
00
00
00
00
00
00
00
00
00
00
00
00
00
00
00
00
00
00
00
00
00
00
00
00
00
00
00
00
00
00
00
00
00
00
00
00
00
00
00
00
00
00
00
00
00
00
00
00
00
00
00
00
00
00
00
00
00
00
00
00
00
00
00
00
00
00
00
00
00
00
00
00
00
00
00
00
00
00
00
00
00
00
00
00
00
00
00
00
00
00
00
00
00
00
00
00
00
00
00
00
00
00
00
00
00
00
00
00
00
00
00
00
00
00
00
00
00
00
00
00
00
00
00
00
00
00
00
00
00
00
00
00
00
00
00
00
00
00
00
00
00
00
00
00
00
00
00
00
00
00
00
00
00
00
00
00
00
00
00
00
00
00
00
00
00
00
00
00
00
00
00
00
00
00
00
00
00
00
00
00
00
00
00
00
00
00
00
00
00
00
00
00
00
00
00
00
00
00
00
00
00
00
00
00
00
00
00
00
00
00
00
00
00
00
00
00
00
00
00
00
00
00
00
00
00
00
00
00
00
00
00
00
00
00
00
00
00
00
00
00
00
00
00
00
00
00
00
00
00
00
00
00
00
00
00
00
00
00
00
00
00
00
00
00
00
00
00
00
00
00
00
00
00
00
00
00
00
00
00
00
00
00
00
00
00
00
00
00
00
00
00
00
00
00
00
00
00
00
00
00
00
00
00
00
00
00
00
00
00
00
00
00
00
00
00
00
00
00
00
00
00
00
00
00
00
00
00
00
00
00
00
00
00
00
00
00
00
00
00
00
00
00
00
00
00
00
00
00
00
00
00
00
